function cases = get_cases()
%% case 1
mpc1.version = '2';
% system MVA base
mpc1.baseMVA = 100;
% bus data
% bus_i type Pd Qd Gs Bs area Vm Va baseKV zone Vmax Vmin
mpc1.bus = [  %% (Pd and Qd are specified in kW & kVAr here, converted to MW & MVAr below)
1	3	0	0	0	0	1	1	0	12.66	1	1	1;
2	1	0.1	0.06	0	0	1	1	0	12.66	1	2	0;
3	1	0.09	0.04	0	0	1	1	0	12.66	1	2	0;
4	1	0.12	0.08	0	0	1	1	0	12.66	1	2	0;
5	1	0.06	0.03	0	0	1	1	0	12.66	1	2	0;
6	1	0.06	0.02	0	0	1	1	0	12.66	1	2	0;
7	1	0.2	0.1	0	0	1	1	0	12.66	1	2	0;
8	1	0.2	0.1	0	0	1	1	0	12.66	1	2	0;
9	1	0.06	0.02	0	0	1	1	0	12.66	1	2	0;
10	1	0.06	0.02	0	0	1	1	0	12.66	1	2	0;
11	1	0.045	0.03	0	0	1	1	0	12.66	1	2	0;
12	1	0.06	0.035	0	0	1	1	0	12.66	1	2	0;
13	1	0.06	0.035	0	0	1	1	0	12.66	1	2	0;
14	1	0.12	0.08	0	0	1	1	0	12.66	1	2	0;
15	1	0.06	0.01	0	0	1	1	0	12.66	1	2	0;
16	1	0.06	0.02	0	0	1	1	0	12.66	1	2	0;
17	1	0.06	0.02	0	0	1	1	0	12.66	1	2	0;
18	1	0.09	0.04	0	0	1	1	0	12.66	1	2	0;
19	1	0.09	0.04	0	0	1	1	0	12.66	1	2	0;
20	1	0.09	0.04	0	0	1	1	0	12.66	1	2	0;
21	1	0.09	0.04	0	0	1	1	0	12.66	1	2	0;
22	1	0.09	0.04	0	0	1	1	0	12.66	1	2	0;
23	1	0.09	0.05	0	0	1	1	0	12.66	1	2	0;
24	1	0.42	0.2	0	0	1	1	0	12.66	1	2	0;
25	1	0.42	0.2	0	0	1	1	0	12.66	1	2	0;
26	1	0.06	0.025	0	0	1	1	0	12.66	1	2	0;
27	1	0.06	0.025	0	0	1	1	0	12.66	1	2	0;
28	1	0.06	0.02	0	0	1	1	0	12.66	1	2	0;
29	1	0.12	0.07	0	0	1	1	0	12.66	1	2	0;
30	1	0.2	0.6	0	0	1	1	0	12.66	1	2	0;
31	1	0.15	0.07	0	0	1	1	0	12.66	1	2	0;
32	1	0.21	0.1	0	0	1	1	0	12.66	1	2	0;
33	1	0.06	0.04	0	0	1	1	0	12.66	1	2	0;
34	3	0	0	0	0	1	1	0	23	1	1	1
35	1	2	1.6	0	0	1	1	0	23	1	2	0;
36	1	4	2.7	0	0	1	1	0	23	1	2	0;
37	1	1	0.9	0	0	1	1	0	23	1	2	0;
38	1	2	0.8	0	0	1	1	0	23	1	2	0;
39	1	3	1.5	0	0	1	1	0	23	1	2	0;
40	1	1.5	1.2	0	0	1	1	0	23	1	2	0;
41	1	5	3	0	0	1	1	0	23	1	2	0;
42	1	4.5	2	0	0	1	1	0	23	1	2	0;
43	1	0.6	0.1	0	0	1	1	0	23	1	2	0;
44	1	1	0.9	0	0	1	1	0	23	1	2	0;
45	1	1	0.7	0	0	1	1	0	23	1	2	0;
46	1	1	0.9	0	0	1	1	0	23	1	2	0;
47	1	2.1	1.8	0	0	1	1	0	23	1	2	0;
];
% generator data
% bus Pg Qg Qmax Qmin Vg mBase status Pmax Pmin Pc1 Pc2 Qc1min Qc1max Qc2min Qc2max ramp_agc ramp_10 ramp_30 ramp_q apf
mpc1.gen = [
1	0	0	10	-10	1	100	1	10	0	0	0	0	0	0	0	0	0	0	0	0;
34	20	20	30	-50	1	100	1	50	0	0	0	0	0	0	0	0	0	0	0	0;
];
% branch data
% fbus tbus r x b rateA rateB rateC ratio angle status angmin angmax
mpc1.branch = [  %% (r and x specified in ohms here, converted to p.u. below)
1	2	0.057525912	0.029324489	0	0	0	0	0	0	1	-360	360;
2	3	0.307595167	0.15666764	0	0	0	0	0	0	1	-360	360;
3	4	0.228356656	0.116299674	0	0	0	0	0	0	1	-360	360;
4	5	0.237777928	0.121103899	0	0	0	0	0	0	1	-360	360;
5	6	0.510994811	0.441115179	0	0	0	0	0	0	1	-360	360;
6	7	0.116798814	0.386084969	0	0	0	0	0	0	1	-360	360;
7	8	0.44386045	0.146684835	0	0	0	0	0	0	1	-360	360;
8	9	0.642643047	0.461704714	0	0	0	0	0	0	1	-360	360;
9	10	0.651378001	0.461704714	0	0	0	0	0	0	1	-360	360;
10	11	0.122663712	0.040555144	0	0	0	0	0	0	1	-360	360;
11	12	0.233597628	0.077241951	0	0	0	0	0	0	1	-360	360;
12	13	0.915922324	0.720633708	0	0	0	0	0	0	1	-360	360;
13	14	0.337917936	0.444796338	0	0	0	0	0	0	1	-360	360;
14	15	0.368739846	0.328184702	0	0	0	0	0	0	1	-360	360;
15	16	0.465635443	0.340039282	0	0	0	0	0	0	1	-360	360;
16	17	0.804239697	1.073775422	0	0	0	0	0	0	1	-360	360;
17	18	0.456713311	0.358133116	0	0	0	0	0	0	1	-360	360;
2	19	0.102323747	0.097644308	0	0	0	0	0	0	1	-360	360;
19	20	0.938508419	0.845668336	0	0	0	0	0	0	1	-360	360;
20	21	0.255497406	0.298485858	0	0	0	0	0	0	1	-360	360;
21	22	0.442300637	0.584805173	0	0	0	0	0	0	1	-360	360;
3	23	0.28151509	0.192356167	0	0	0	0	0	0	1	-360	360;
23	24	0.560284909	0.442425422	0	0	0	0	0	0	1	-360	360;
24	25	0.559037059	0.43743402	0	0	0	0	0	0	1	-360	360;
6	26	0.126656834	0.064513875	0	0	0	0	0	0	1	-360	360;
26	27	0.177319567	0.090281989	0	0	0	0	0	0	1	-360	360;
27	28	0.660736881	0.582559042	0	0	0	0	0	0	1	-360	360;
28	29	0.501760717	0.437122057	0	0	0	0	0	0	1	-360	360;
29	30	0.316642084	0.161284687	0	0	0	0	0	0	1	-360	360;
30	31	0.607952801	0.600840053	0	0	0	0	0	0	1	-360	360;
31	32	0.193728802	0.225798562	0	0	0	0	0	0	1	-360	360;
32	33	0.212758523	0.330805188	0	0	0	0	0	0	1	-360	360;
34	35	0.075	0.1	0	0	0	0	0	0	1	-360	360;
34	36	0.11	0.11	0	0	0	0	0	0	1	-360	360;
34	37	0.11	0.11	0	0	0	0	0	0	1	-360	360;
35	38	0.09	0.18	0	0	0	0	0	0	1	-360	360;
35	39	0.08	0.11	0	0	0	0	0	0	1	-360	360;
38	40	0.04	0.04	0	0	0	0	0	0	1	-360	360;
36	41	0.08	0.11	0	0	0	0	0	0	1	-360	360;
41	42	0.08	0.11	0	0	0	0	0	0	1	-360	360;
41	43	0.11	0.11	0	0	0	0	0	0	1	-360	360;
36	44	0.11	0.11	0	0	0	0	0	0	1	-360	360;
37	45	0.09	0.12	0	0	0	0	0	0	1	-360	360;
37	46	0.08	0.11	0	0	0	0	0	0	1	-360	360;
46	47	0.04	0.04	0	0	0	0	0	0	1	-360	360;
];
%%-----  OPF Data  -----%%
% generator cost data
mpc1.gencost = [
 2 0 0 0 0 0 0;
 2 0 0 0 0 0 0;
];
%% case 2
mpc2.version = '2';
%%-----  Power Flow Data  -----%%
% system MVA base
mpc2.baseMVA = 100;
% bus data
% bus_i type Pd Qd Gs Bs area Vm Va baseKV zone Vmax Vmin
mpc2.bus = mpc1.bus;
% generator data
% bus Pg Qg Qmax Qmin Vg mBase status Pmax Pmin Pc1 Pc2 Qc1min Qc1max Qc2min Qc2max ramp_agc ramp_10 ramp_30 ramp_q apf
mpc2.gen = mpc1.gen;
% branch data
% fbus tbus r x b rateA rateB rateC ratio angle status angmin angmax
mpc2.branch = mpc1.branch;
% ÐÞ¸Ä
mpc2.bus(15,3:4) = mpc2.bus(15,3:4) + [0.03,0.08];
mpc2.bus(33,3:4) = mpc2.bus(33,3:4) + [0.04,0.05];
mpc2.bus(43,3:4) = mpc2.bus(43,3:4) + [6.1,1.4];
mpc2.bus(44,3:4) = mpc2.bus(44,3:4) + [3.6,1.2];

%%-----  OPF Data  -----%%
% generator cost data
mpc2.gencost = mpc1.gencost;
%% case 3
mpc3.version = '2';
%%-----  Power Flow Data  -----%%
% system MVA base
mpc3.baseMVA = 100;
% bus data
% bus_i type Pd Qd Gs Bs area Vm Va baseKV zone Vmax Vmin
mpc3.bus = mpc1.bus;
% generator data
% bus Pg Qg Qmax Qmin Vg mBase status Pmax Pmin Pc1 Pc2 Qc1min Qc1max Qc2min Qc2max ramp_agc ramp_10 ramp_30 ramp_q apf
mpc3.gen = mpc1.gen;
% branch data
% fbus tbus r x b rateA rateB rateC ratio angle status angmin angmax
mpc3.branch = mpc1.branch;

% ÐÞ¸Ä
mpc3.branch(15,11) = 0;

%%-----  OPF Data  -----%%
% generator cost data
mpc3.gencost = mpc1.gencost;
cases = [mpc1,mpc2,mpc3];
% cases = [mpc1,mpc2];
end